# oST version 5.0 parameters


[image]

width
640

height
480

[narrow_stereo]

camera matrix
1579.586074 0.000000 295.567131
0.000000 1580.921162 191.363020
0.000000 0.000000 1.000000

distortion
-0.064941 -0.238517 -0.003562 -0.007630 0.000000

rectification
1.000000 0.000000 0.000000
0.000000 1.000000 0.000000
0.000000 0.000000 1.000000

projection
1571.189331 0.000000 293.403515 0.000000
0.000000 1574.906494 190.349258 0.000000
0.000000 0.000000 1.000000 0.000000
